497
7284
5874
6301
4550
7684
7934
1804
3744
2180
8745
6133
2417
9102
3511
4532
4108
1616
7552
9860
1399
6423
1892
9881
6753
2937
9808
5370
6432
1560
4056
4103
412
6416
4404
4665
4968
3405
6668
9827
2448
9876
2933
8782
9650
7135
7610
9639
693
8541
2828
4399
8735
6121
1099
4073
5391
5993
9548
1613
7876
2563
5371
2184
8123
4642
5721
6000
4697
8846
9563
703
4948
7725
7411
1522
3490
3109
231
9618
5327
169
4677
7891
8731
9657
5367
4290
5316
331
9273
8975
3857
5055
1951
9885
4505
749
659
5007
1414
1609
4941
1846
8977
2125
9451
1010
8709
9577
583
2281
5762
9929
6285
7706
7885
7479
3452
8466
9275
1430
683
4366
9572
588
6845
9892
5774
7526
7016
2740
2450
5223
8204
3717
5227
2831
8914
6605
205
4357
5581
5739
9747
6991
3213
3927
8769
4244
1999
7025
7296
2193
5732
9983
925
575
2273
8389
5280
9558
5235
1182
2560
7842
9831
538
1725
2568
2478
5054
8565
6847
8260
4917
5848
4943
4619
2580
7374
2917
1122
1530
5527
9991
5444
257
9491
8220
2791
4652
557
525
1325
647
9121
4398
3179
1905
7160
2674
2202
6201
1765
6944
8460
449
3933
814
4134
5981
5955
9693
1014
2362
8436
3705
5655
2569
2398
9573
1047
3505
9776
7826
4497
8040
5521
7613
5796
1450
1764
2713
5419
4700
715
4921
9764
8583
1530
4994
6324
8677
4085
6810
8696
864
9510
8962
2210
5415
8743
610
9507
7587
1627
8696
6425
3939
2446
420
4927
6320
5018
2684
4217
3242
4273
6314
1647
3515
3941
7071
1038
7403
3249
2369
9420
2966
9129
3633
8529
6559
5402
380
2706
1153
3206
7832
3072
2018
8495
5825
6136
1110
67
4
3658
1400
2592
5454
6591
3196
7314
8695
1474
1671
9571
2104
4338
9257
9276
3459
4809
8813
1890
8368
917
4637
9977
3063
35
6440
3241
9628
5019
8115
935
9928
7335
3244
8711
8019
373
3674
7042
5332
9244
6706
8905
1035
1581
1102
3494
3814
2742
5036
1015
7323
9219
1699
9086
9021
1423
9528
5418
150
9955
7685
3676
3359
736
9643
4768
1093
546
1256
3085
1135
1771
6557
9123
4211
5732
8942
1481
8933
2946
9427
6886
9982
7100
3611
708
5636
4158
9689
6596
844
8255
6891
5377
1559
3030
5546
298
1937
6333
2400
3267
1485
1951
9880
5551
2662
2576
4875
3289
2480
8046
6485
7204
527
799
3693
6258
7124
8935
9131
6935
857
4660
2240
2879
4879
1179
7563
1181
185
8644
9544
2599
545
6159
5400
8031
7220
8060
8045
3060
9283
6400
4115
2797
1770
9687
4849
759
9336
9288
3173
3002
7202
5465
2410
6824
9710
7000
672
1482
5012
3693
3103
3836
8502
3886
6658
4368
5398
5662
9037
9064
889
6071
7651
4456
545
9442
1109
5192
6329
6803
1845
897
5470
6541
5397
5080
3748
8575
8320
219
7387
6563
8048
5589
3296
279
4295
7883
3028
481
5361
3673
250
4108
2112
1130
7813
7954
6279
268
5891
5479
5152
8208
1848
2206
8365
1960
8489
1578
619
6822
7342
8817
1677
4326
8022
2062
1159
266
5147
3225
2163
5848
1442
8171
646
1362
4429
4266
7266
5794
2296
8052
4328
1907
1411
9840
3741
1090
1913
2334
9394
1450
9862
8538
6331
1432
2431
7786
3107
5751
6794
6013
5120
2665
3316
9303
6765
3676
1559
7003
7531
4222
4312
4824
4526
9289
4489
9769
2914
8182
8321
69
8352
2813
3831
713
5986
2903
1840
9214
8930
6643
1158
1514
9000
6283
2931
1663
8591
2107
3074
64
9530
4910
4802
5171
7138
5037
4012
7041
6943
2662
4871
4925
7430
6725
7660
2307
8834
2603
3317
3861
1836
2345
8072
887
3064
2797
5824
8243
6358
2825
1178
807
5108
8256
538
3442
8010
8659
3574
949
8890
4798
2270
6268
1771
6233
4083
2274
8622
624
2828
5987
8789
9212
8227
7185
6837
3915
2107
4340
9212
5769
683
4117
1484
4064
9816
9173
6186
4218
4297
174
9028
2368
4971
7037
74
1804
9116
6830
8714
3550
9620
5733
9996
5190
2017
5895
29
3353
6604
4095
6552
9234
1736
3121
4115
8153
4783
7707
6416
4909
6088
4403
6326
2654
6959
6421
4241
1190
7111
5032
4799
5276
5626
5662
6148
4949
4120
6294
2046
3921
9144
2833
7613
202
3621
9794
631
1849
2921
1921
7021
1408
414
3804
7461
5217
9407
7342
8231
5596
1654
8838
6241
1572
9296
1276
3608
6074
6972
9166
4032
8489
5661
2495
5764
3254
6789
6124
9032
7165
5789
2391
8268
5189
8011
3390
4862
1821
8200
931
5542
6778
8062
6449
2266
305
6591
6041
906
2345
6185
4557
4877
3755
7888
8531
5746
7918
8039
4207
8427
3283
8309
1065
9807
9262
570
1052
3560
5905
6414
1786
7874
6040
3623
7254
426
9211
228
5458
6663
747
5217
6687
979
1232
7514
4512
7300
9480
7644
6943
3781
3993
2503
2259
8468
6997
6642
3003
9735
5539
2481
5001
5930
4398
6682
8836
131
634
8104
6535
7689
2580
7543
7679
8065
1621
86
8575
1748
6057
3751
4080
8261
9470
8005
3881
3536
1364
8785
3429
2569
7224
5723
1123
8266
216
756
6581
4549
8677
4381
6665
1375
1109
9254
1200
6449
4823
4193
6847
6910
8067
1255
3677
1787
8400
6740
6460
6393
2800
5300
8766
1849
4675
3966
464
6857
6420
9413
7848
865
3505
4025
3071
1676
7085
2705
7152
216
6804
7432
8712
7170
1938
6518
4501
5969
2045
9336
9865
3476
4296
187
1748
3377
5614
4816
6700
7142
8789
4343
28
5410
6345
5982
3405
4041
8183
2001
4702
5695
9587
6243
9589
5368
6587
1595
9911
8156
9464
4494
4811
7084
9547
4371
6568
3317
2276
9694
6062
2269
6005
9
1426
2460
7403
3302
825
5956
3113
460
7786
44
4633
4170
3888
8052
598
6380
6789
4018
4904
8543
7678
4295
9531
2944
5862
1974
9413
87
1764
8489
5938
2433
9690
9578
4817
7128
7964
3284
770
3955
5042
9003
6708
4767
2450
5377
482
8515
2718
5896
2904
2044
7364
7461
2330
7131
2929
4458
7439
8850
6542
3025
8695
9296
4105
2200
4480
4309
3235
3470
8415
3504
3247
949
3501
8674
7586
4764
494
484
1492
897
7369
5868
5584
3894
5068
2228
7248
7685
4199
3506
5845
1920
7413
2017
308
7411
661
250
897
6172
5279
9248
7480
9399
8796
6415
3960
3655
9545
8165
3964
6954
7358
5644
5656
2826
3712
210
7131
2251
7061
5550
9271
4909
7659
1327
3535
1483
8366
174
4102
244
9587
5319
5618
8120
8387
6184
5098
8653
8268
3593
8140
6034
9542
8890
4562
1768
6360
7481
3699
451
3118
8646
9111
9729
9976
2571
1740
7469
2879
2476
5288
9370
4062
3719
7367
2038
26
7535
4439
7527
5112
8478
3982
3467
7409
3237
5367
8769
6765
1767
5123
884
6475
3651
7126
941
6208
5888
8143
5815
4444
7629
5773
5792
8304
8769
1971
5822
1522
2523
1742
8824
3042
6171
5338
4640
4663
5643
2320
6739
7204
2970
703
1112
7353
4404
2895
411
6593
6426
5829
4138
9392
8623
3083
7483
2704
8190
5163
8640
1266
9544
7246
4241
24
6298
7842
303
8312
2485
6277
565
3568
1404
8611
1473
6925
4661
8439
3900
5874
1559
9228
5096
6694
7604
9432
4418
3087
7854
1935
6473
480
3679
5473
7659
5723
6462
1087
1055
6561
2591
2098
4107
148
5263
569
7988
12
1610
558
8042
9751
1263
2765
9706
315
2150
7547
2420
6865
3424
7216
458
550
9804
85
9888
5930
951
5749
463
3574
7384
7338
3282
9460
5121
4947
1430
7034
1444
4405
1477
7296
3893
6722
9217
914
5766
7344
3573
8914
8666
4189
3136
5375
1640
3557
344
5178
681
2057
9061
5860
95
4468
2367
3924
9483
245
5194
7202
6116
5386
5420
9018
5738
3162
6657
3082
868
8974
164
3606
2176
1548
4907
3194
4201
7906
7820
1563
4603
6251
6352
9387
5344
5617
7200
9424
4354
5292
1430
5520
2150
6371
2797
3280
8768
4118
9637
8478
6900
7262
4309
1707
1893
5454
3684
8546
9561
9172
9722
1576
2425
3630
2598
9864
9033
6033
3674
121
5961
7232
8727
5575
7543
4643
1456
5804
8750
1626
4426
83
8269
9341
4663
7341
1942
4645
7493
9889
1932
8654
9862
5182
5570
9853
3094
8519
3772
2933
4246
2734
443
9515
2517
9667
8535
8734
4163
7249
3997
7879
9796
7934
4746
9638
3307
3083
8966
5257
7922
4388
8540
3784
8188
7307
7369
3544
4
7689
1548
2936
2032
5817
7379
1691
9639
8753
6824
4995
8805
3207
481
243
5891
4053
8857
1927
435
5932
6546
11
9553
8514
5010
9858
4194
6659
1327
5210
2297
4990
8729
6473
5701
1060
5846
3979
554
3054
9998
4553
6259
3970
6451
4715
3907
8296
7892
4134
8449
5441
3108
4072
1143
1537
3383
3517
807
7521
7497
2980
7426
1614
2698
3815
4478
4007
4542
4830
8206
4878
1373
7380
5933
1992
3751
5582
2062
295
5951
5897
8766
7192
6760
6855
1881
4656
5330
4163
7677
2329
3172
3033
5557
7017
7127
4645
1272
2636
237
9899
3754
3062
5927
3571
4068
5727
8139
9150
7785
7801
1454
512
1570
1599
4214
233
4853
5842
1933
9821
8676
378
7153
5877
1705
8339
1823
8915
4865
9106
4309
9426
57
6051
2143
5704
1264
3189
2786
6153
6517
6179
6378
9875
874
2660
1462
3958
2802
6893
9791
5430
703
415
1222
3376
5908
50
1865
5729
3904
9223
4285
8679
3492
2028
454
5519
9456
8510
8969
1664
3055
5779
3303
2497
4000
7278
5003
9045
6877
7865
6112
7971
9314
8879
8723
9642
4828
8767
9795
1214
1323
7057
2249
7294
1893
7698
6383
8845
2206
5943
4501
4292
7924
8127
2374
4923
7112
8725
9375
8630
5046
2819
8851
6039
3110
6314
9364
4612
3305
812
690
689
8715
7754
340
5997
3530
6009
603
6301
894
6157
6839
934
3363
1820
46
1187
6504
3799
2529
6103
9391
1165
6167
8503
8206
6210
4183
5579
8334
1770
5540
1393
5252
3812
5577
169
7786
6377
1393
1102
8121
3074
7735
8888
5980
7917
2675
1289
6267
8176
8108
9505
8282
4587
1297
7549
1587
1836
7791
7319
1825
5023
7967
9124
617
5445
5681
9550
6243
9876
3400
127
2406
1427
7981
6316
3430
7278
2523
288
3534
2893
9311
157
3661
6034
3111
665
2514
8027
8582
5950
8585
4073
9277
3098
5107
8610
8271
534
2236
3124
5046
6391
4775
7981
7098
6855
6605
4981
4118
4308
9312
7502
3784
8931
5711
7809
5462
4582
2333
5016
7036
8215
1293
7450
1541
8332
2150
4883
1209
4819
9007
1989
8052
410
7847
2920
5381
5680
8936
6256
4059
7533
3908
4274
6637
1083
288
345
7386
7297
3148
3688
8200
7220
6088
6830
5097
7324
6440
8765
4705
1722
3771
9299
5300
7323
9450
3374
1084
2791
2427
9781
5646
6077
956
9502
4307
7019
813
458
8044
1804
7497
3912
1671
5318
3788
832
4321
1017
7823
8056
9240
170
1551
2337
3762
4609
8974
9314
1633
6914
9261
4594
4869
3366
8042
2123
6263
6585
2522
8078
6511
5981
721
2900
4225
9859
7628
9981
3534
8617
9052
66
4967
4370
541
5476
4525
8619
5740
9697
8045
1498
8825
1130
2543
2902
9042
8304
7276
1665
4568
7736
8494
9745
1545
3258
9448
8651
8111
3902
6981
8992
5779
3015
7861
9194
9627
498
2825
2565
7597
7644
845
2825
33
5012
7156
9591
356
1322
817
9323
2704
1868
4048
1316
1572
5222
2825
7282
6027
5874
507
1838
2716
9052
5719
5809
3268
3348
3275
8543
5479
4710
4067
6924
6890
5669
9712
6532
6102
9856
8294
6789
3085
7657
6287
3910
8966
6544
7622
4404
7673
5542
6538
1723
7136
9006
108
980
9293
1346
6323
7007
8047
2273
3844
7994
7801
7124
4425
5902
5510
6293
1180
6171
7579
3718
8752
5058
2765
1808
6843
6724
5726
8870
870
9936
8172
2343
9788
7883
5561
8731
7238
4755
3533
1286
8741
811
3813
8293
6109
1842
2118
1720
8894
1380
4362
367
4144
3417
254
5049
8214
7485
4503
9598
1281
9177
1402
3907
9821
5457
7335
6541
341
6778
9054
6425
2637
6293
4977
7940
1245
4472
5698
5000
4605
4006
9975
9490
5574
7805
8199
6370
7629
511
516
9753
251
3934
4
9564
9408
9905
8471
651
4506
5577
1378
2115
2325
7936
7729
7850
8440
2313
3804
3742
1787
9503
4993
7275
9201
1912
8333
2015
7258
965
8911
9830
6262
9300
6173
8702
6288
5413
8531
1339
6000
5046
493
9027
2627
7860
7164
7637
75
348
7929
5316
6706
6773
7966
748
8941
2729
362
7496
1572
6456
3393
3540
6665
1548
5853
3025
1763
9027
1562
3027
3781
2465
7742
6740
9009
5965
4648
1341
4747
695
1939
6909
3036
3595
3123
9488
1334
5425
9761
3559
5050
1035
9766
9544
1653
6953
2362
1078
2006
4139
5874
1048
8785
4901
1535
4241
9031
1226
1738
2975
8080
9021
2748
877
4516
6484
504
3069
8425
6365
1690
6337
9266
8003
7977
2745
2698
8197
5086
2056
3602
3569
9334
608
4820
891
8123
8134
2060
8881
456
108
3686
6785
5478
6029
8286
8888
5028
5169
6448
9293
2653
5641
2448
9537
1782
782
6924
8789
1542
833
6139
9682
9372
4511
9687
2140
6056
3624
8360
2369
1009
9544
5908
1582
2650
2480
2525
1947
4459
3809
3169
9917
5607
4309
916
3692
8159
5283
9109
7341
1209
3271
7338
9622
3969
4004
7413
966
6342
6145
2832
1403
6808
4078
8283
3109
9732
866
6886
9302
8257
4976
4329
7733
7664
6221
4075
5062
3595
5994
3981
772
4515
1019
1160
7737
2205
6286
7613
8646
5066
1558
5605
8313
977
1765
3108
1528
6026
7807
3960
7292
8397
9807
9083
6232
8941
9605
1958
7747
9928
2351
7371
347
2164
2059
6888
5789
2918
545
903
3446
3253
8239
4235
6698
9371
6016
6755
5898
3112
2546
9036
5788
2034
6688
2375
4707
1935
4927
8796
2600
4327
9865
8717
2715
4186
5258
6148
8918
4877
7319
8610
5480
6903
513
4039
157
5571
2385
6861
2924
2849
6060
4635
7382
3314
1583
8313
5475
9683
2180
3854
7991
1749
8302
9118
3387
9522
1520
2512
4112
9867
7836
1020
5792
3936
3556
8884
1520
2648
2218
9136
9550
8065
5871
9750
8267
5230
1335
9400
2603
6944
672
9235
2696
3465
619
3730
8601
1394
652
635
4051
9873
2748
3057
5013
5039
8842
3446
9758
2699
6792
2827
7464
3044
4304
9925
5877
8552
850
8157
8186
2119
9908
7168
9194
8601
8324
2327
3317
9825
283
126
1996
1583
5084
9677
5317
2814
4737
3228
6387
7888
9642
9904
152
7845
1770
9651
9161
693
7853
49
543
2494
2448
1932
9964
5580
3862
6411
6714
6514
129
9933
2415
6666
830
5881
7960
4626
4607
3063
3814
7622
1769
297
2476
4
7016
1348
6831
8672
3166
2623
1971
234
9582
9502
9135
3151
9712
9736
8951
8326
6513
9873
7759
9709
7488
3485
7015
5889
1691
4534
6086
4790
6234
2921
724
2150
9455
9960
8564
2514
9579
8042
3347
7505
7961
2181
7084
1328
6745
4808
4914
4870
4111
5488
1109
1896
2538
2767
2515
3530
4333
942
6981
8632
6536
7181
3999
6660
8777
6985
3695
9752
1172
6437
8746
8470
6525
253
1748
5306
6401
5687
9143
6882
9619
1215
678
746
1812
8828
9612
6688
7444
5033
8180
8637
1061
4715
969
779
8182
423
2550
9760
1112
5161
3698
7673
6741
2638
5371
2284
1019
7209
7129
8645
1799
98
9012
5321
6502
3253
4848
9949
7372
7007
2308
6139
8256
109
7409
1809
9284
968
7124
5977
3136
9382
5769
4458
7516
3004
4004
9173
3456
7327
5669
234
7904
9535
6837
962
5703
5647
4276
4928
5574
2601
2387
4105
2853
7559
9417
6632
5228
3561
2999
50
84
1151
5508
2416
4329
4554
7804
3497
9249
5675
6492
44
1338
2073
8234
8721
3271
6447
6106
3637
6691
2196
403
534
6994
1664
1604
9957
3587
7372
3945
9894
4328
5618
149
6752
4026
4420
6632
1148
7842
778
5678
9899
6109
2342
2766
780
9324
695
3360
8781
7455
9361
3358
7888
748
4973
5422
2665
2950
7847
9909
1877
1729
6597
5716
5719
1923
1482
4694
8850
9814
4958
5794
5913
6517
503
4425
4651
8897
823
633
2891
4011
5164
2439
4966
2259
2261
6003
9052
8998
3967
8198
9995
868
3801
8169
9511
6626
7046
8856
7841
6001
4509
8966
2497
3566
7445
1371
244
548
770
3768
2126
7213
7018
7865
6565
4158
749
3460
9662
5479
5642
9852
5846
6759
5799
5044
2715
2334
4913
8025
1850
1967
2791
6890
9501
6197
9941
1399
4814
890
5758
8504
8227
199
6072
2781
3850
5935
1603
5353
5876
3586
9194
2362
359
4656
3119
5737
7767
2401
8655
7909
5634
2745
1917
159
4421
127
8364
368
4216
9349
8645
8772
9720
7137
1624
5647
687
3017
1193
6780
731
9560
2148
8263
2772
429
6531
4845
3077
4204
3632
2412
2234
7848
2870
5482
8281
5912
8360
3723
7571
1235
1137
6527
4940
422
2641
3221
3032
7472
5049
4749
1208
1875
7178
6074
596
3654
7386
3991
3595
3519
7290
12
5716
6233
6537
1871
4267
6142
7365
4774
4657
7469
9208
9495
8423
5621
3322
2349
7787
3310
1812
5605
9154
8882
1204
359
669
6795
4885
4627
8525
4368
128
4052
3945
1124
810
8707
3885
770
8953
6889
106
275
92
3738
2666
7683
7650
4975
332
5037
6203
285
1706
1684
858
6834
5028
6177
1201
7471
1256
2738
6248
288
7341
5156
5550
7298
4810
4614
8464
7017
4356
4923
5499
8879
8790
7466
7693
2986
9145
9910
4294
3488
8164
9842
2346
2260
266
3976
3678
7707
9568
1482
5632
7367
4026
9803
6396
7509
2132
352
164
5717
6573
9186
5928
6782
6185
1978
8043
7562
8484
8214
8326
1346
8443
2760
2124
7498
2809
3290
7031
834
935
756
7448
2874
9290
8131
4852
8986
1069
183
853
8793
9745
8577
6914
8978
3914
5563
6074
8287
5932
6116
9222
1353
3155
4286
8923
1265
7679
8898
4700
8842
3320
9330
4781
5816
1737
3054
7492
8053
7126
9057
6493
8301
7361
9533
1601
9866
5845
3145
3584
7246
7215
8744
4901
4819
1534
6094
9718
5003
9207
3587
1306
2171
5483
2011
5473
414
3796
1098
7240
859
8071
8020
1161
6875
9622
920
3992
3622
2685
9057
5420
4534
5313
7454
1627
4576
4428
9961
4282
5642
3335
2488
8846
3538
7750
4322
2818
5349
4059
1186
6070
4747
5904
2724
9174
9194
7582
8026
5196
613
2101
6095
2318
150
8167
6772
6857
8029
383
896
5986
3834
6816
1597
7524
5582
9174
7622
9125
5300
8102
8642
9562
1498
2987
672
8629
2588
8279
2433
6993
6402
4765
3668
3541
7239
169
8695
5371
977
7465
4789
4966
3163
5199
2235
7930
4306
5200
3592
19
9959
8900
9896
2511
3458
6533
819
7162
7494
8143
4268
9749
7950
3903
9584
9069
3147
8056
284
5412
478
2251
8147
7835
3312
3676
6399
6298
751
2742
4322
7388
4686
2413
7034
7501
4868
1157
82
706
9349
1533
7877
2834
3196
5039
7015
9259
5615
3166
4783
6250
4916
8179
9540
7708
753
2061
9198
9782
133
4521
6411
4752
3820
6880
5062
5537
6868
2082
4200
1990
7974
9577
6062
8945
4373
5312
4638
8273
6661
7139
683
7584
7958
8072
2472
6507
2872
9326
6747
2807
1959
300
573
4828
5121
3125
9013
6316
9976
1478
2391
3533
8966
2793
8275
5338
2116
595
3334
5440
7422
925
3121
2993
3838
8826
6793
5748
4408
8555
2664
7542
5334
1393
31
7674
9004
1234
3824
1248
6299
8322
8296
5182
4748
7149
8618
5165
9797
7133
4391
2277
5991
1307
5384
1033
7178
7579
990
6294
6331
3265
1908
1421
8813
4848
8198
7572
2762
600
6334
882
6771
2085
9141
9100
2628
7938
8244
6688
208
1627
5951
7274
4164
387
1550
4027
6009
8997
495
1424
243
7529
4916
3033
6414
6874
6369
9899
8951
1045
2403
9196
799
3509
5506
3906
2166
6283
8404
9240
9334
4302
6086
4703
7314
4633
7257
8426
3298
4171
1563
3764
105
4909
638
9241
7168
6107
2686
5754
1569
8345
7737
9163
9224
6755
6475
654
4881
7644
1861
9725
592
1254
2090
5940
1443
212
5719
1780
9617
7943
6601
4779
9481
8638
9090
5890
2870
6264
6737
6058
3597
2650
7671
989
6565
6922
5479
559
8158
6602
3544
5654
2310
1837
3172
8850
2818
4698
7798
6955
388
905
6136
3626
1743
2957
9681
586
7664
584
7784
8616
906
5802
6128
7942
3583
1100
9375
4520
4733
5159
3622
3015
4398
947
2468
7644
5466
240
3071
8172
8466
9781
5669
2691
6514
4044
9246
3607
7241
4893
2894
7573
8817
4928
4747
6507
5709
5230
5266
1717
5322
3277
2222
5228
7283
3121
9228
795
488
2037
5119
7424
7513
9612
150
1125
133
3436
1427
9539
1854
5767
7278
9840
2265
6049
4197
9470
6200
5961
1934
236
4973
1353
2849
5188
7559
440
5408
3392
4816
8450
3118
5204
9773
5469
60
9205
4777
3621
6374
2272
3802
5727
9863
9554
5998
2381
2963
1234
8924
9757
4595
4527
102
4883
2451
6159
6762
4961
3566
9693
8028
8035
4722
3404
2648
2074
66
6795
5989
4991
4692
2579
9587
9661
6433
9245
1490
3294
9189
5177
7477
4174
4468
5058
3855
8591
5101
4890
3018
3900
2442
9815
55
6680
4244
5767
1005
6458
6906
3924
2315
6168
5244
3932
5065
2015
4939
440
8449
3205
4668
3467
5772
8389
2216
3854
3566
9663
9548
4057
6972
5176
3776
2088
2548
4876
2524
2906
5417
666
8240
5032
6388
5265
2861
1308
8929
535
9993
1839
3651
4660
6440
9813
9232
8975
4043
1665
4464
389
2200
1342
6910
2848
6951
7138
2391
3156
1384
188
9491
2033
5023
7782
4965
9636
7079
507
5527
907
4925
3031
9669
7709
405
2312
8735
3963
2855
3573
833
858
8441
5027
8466
6898
8121
3539
8314
5722
8917
5772
9151
9805
2347
1618
9637
8658
4847
9596
1895
3536
6137
3557
5464
9168
1672
9200
2443
4639
8403
8427
300
7810
9354
8633
3591
9995
9315
8067
1514
3539
2192
9804
1989
9152
3879
9864
5361
8786
2674
77
9116
3259
1677
7297
4720
4883
9562
9297
5225
8921
1096
3674
7319
490
5472
1340
450
3713
8026
9641
9342
6780
8082
8356
1343
6333
1568
6312
5289
1807
3839
3656
1964
8326
9311
7040
6132
2057
3913
8708
432
18
2841
2593
2442
8518
2485
1499
3679
2538
9414
1647
760
3032
734
2335
5177
3320
5954
8387
3314
3250
4008
3417
5081
7439
1710
8993
1178
8431
5208
8392
9800
9318
9209
9324
3938
5488
5914
2825
3847
69
2632
2750
2393
2191
2895
8931
7591
6975
1863
2812
6103
5525
5393
7182
6009
9423
7511
5002
6807
3492
320
5248
7330
1021
1846
1442
3823
1409
8396
9688
7406
3128
4539
3245
617
1257
1024
2890
4543
2778
1401
4203
6568
2396
2289
4274
3924
2026
3315
4515
7977
911
6017
355
9748
7384
5419
1372
344
1453
5107
6182
8578
2174
5405
2974
986
2147
6564
4751
8399
4621
458
4028
2090
6117
8680
4934
8731
7572
7517
1797
8094
3881
1711
6495
7111
4183
3496
3233
5837
9651
2545
3090
7671
5219
5624
4393
6990
9314
3288
1776
5461
8563
6115
3356
452
1989
8265
3631
8703
485
2640
2772
3935
3310
8087
4696
462
8910
5863
6803
8651
3331
8913
8747
2075
7368
6357
6871
492
4286
7944
9416
4283
5741
6335
9531
7766
8355
6042
5122
5918
9865
4529
5352
7011
9773
9155
4360
7131
927
3930
8080
3451
6485
3125
2130
9649
7368
1280
3084
5631
1393
3138
4417
2541
3223
8488
8194
6975
8556
6930
2107
2867
741
884
8785
8801
3561
1736
2302
8213
1996
9739
9565
355
9863
5965
7798
2615
4204
9881
397
7074
2958
9490
4524
6726
112
2811
3787
1284
960
7385
8575
3996
1823
5212
2710
5600
4339
3329
6088
5632
8978
4871
3634
1653
3573
4061
2677
7257
689
5578
2770
8674
6532
5032
9909
1250
6359
2059
8688
749
7948
1018
7252
4611
1164
5568
8532
4651
3255
2198
8275
875
3792
4765
8096
8086
5855
2870
3153
6051
133
6529
594
5382
4614
9900
7463
6790
5303
1459
9240
2280
4640
5338
7683
7959
7619
9022
489
8004
5528
8026
4002
8491
7302
1895
4882
1767
6936
1822
5394
3488
8905
2637
616
1418
423
1870
9997
1264
8105
1741
9348
1796
2957
5994
6235
8453
7082
136
467
6833
2381
5149
522
2107
2527
2102
8079
2719
5018
5696
9854
3480
6064
5751
3375
2003
4722
6265
7536
5749
9025
9225
9899
3787
8678
2206
5533
1307
5659
6428
4685
6799
1355
8561
1107
3755
2114
8509
8890
8321
3790
7278
6246
2408
1887
5867
5732
7206
2619
4231
3730
816
2600
4718
7808
3156
5250
6735
3428
321
6568
6771
7059
8589
1011
3054
2125
7502
4644
9619
9888
6213
7374
9215
1958
1747
2979
7490
1899
2810
6473
8327
8688
1428
2697
3868
4199
6636
753
7950
8505
5379
5080
8569
1752
7019
218
7656
1396
8833
3742
8229
2562
2999
4342
7516
3441
3385
2760
6060
177
7759
4836
617
3847
8241
8082
5631
5891
7143
8854
5488
6749
6693
1114
4509
1133
8805
7463
4938
1528
5322
6094
3065
9068
8244
5764
5688
7085
5180
427
814
3876
4692
7773
745
542
4462
4721
3510
8936
4587
1765
4253
9978
8253
1480
5869
1885
9832
6383
4635
5922
7821
4532
4855
1665
1770
1549
5603
2476
2394
8545
710
6715
8040
1612
2056
8919
368
3966
6670
4084
3952
6002
6941
3556
1840
3087
815
6763
9895
3802
7252
8797
5791
4892
6054
160
2918
9080
8772
2913
9118
1033
6541
6041
1054
7537
1938
6640
9424
6949
1517
5866
9713
551
1969
1818
7590
1298
9824
8683
734
8839
2580
8591
1293
1913
924
3148
5558
1895
6001
1288
5194
3756
4966
2919
9460
900
2502
4303
1148
4174
7339
2946
2285
1386
9084
5240
2922
4235
2570
1619
9255
89
2179
278
8452
7950
4747
9141
6613
8789
1082
7528
947
228
671
5956
5585
9050
2358
6689
8795
5521
7534
6559
1499
9634
6306
9907
2829
5684
225
1322
9325
4382
2032
5104
1577
4687
4466
1510
6153
3360
7690
2359
3092
9811
1999
2056
714
3127
9654
3872
1877
5880
2823
3733
2555
5619
8779
8818
1644
4840
6312
928
8563
9760
8203
6565
8195
5567
4379
898
4583
847
536
5435
7831
5174
3467
1688
7634
4249
9192
9701
6029
6353
9444
3444
1558
8299
2549
5957
5907
5647
9866
1312
7048
6761
3795
3331
1607
5434
3861
5147
8748
8756
9288
1029
5343
7388
5902
7380
2152
7090
1184
7394
5648
6610
4898
2210
315
4758
5007
9896
3017
8421
4990
8935
981
9224
8386
1070
1379
135
80
2199
388
4044
952
7273
7064
8414
8100
4169
2396
5169
3805
8817
4463
2471
5664
438
1862
1585
3015
6848
427
3964
2130
327
3765
353
48
6119
9002
4832
6000
2016
7009
8984
7006
1603
5657
7625
5146
1901
6658
837
7499
7847
4615
6173
4471
8510
3559
7948
9207
9794
7119
3232
1771
6423
1914
625
3507
6711
8366
1980
5166
7564
9168
1789
1807
5478
5464
4061
4780
4237
6438
1114
190
9589
6464
4282
5711
7592
5881
1538
2559
1054
5624
6206
4896
3777
7212
583
9688
5032
4117
8435
3535
4677
5671
9935
8678
2826
4365
8992
3045
9498
3168
4970
3355
6005
3041
2182
9959
7632
4914
5914
829
6828
9420
4112
1940
2962
6892
8029
8266
4881
4372
9747
119
8003
7579
5512
3918
6529
5603
2884
3227
6888
8492
3061
7886
653
2850
8890
736
5030
623
2055
118
8203
7605
6707
5256
1559
7994
5716
5933
6336
726
8163
5126
3420
4851
5351
8426
7528
8263
3429
2029
2029
2687
3941
8335
6359
6225
1286
111
8002
7293
3235
4257
2316
9629
1915
398
872
256
2359
8534
9887
6950
6890
6161
329
7935
4466
5801
7499
464
3207
6767
7194
26
8088
5515
3664
8371
8896
5333
6707
5604
7931
9042
7490
3905
2809
3790
2935
4952
7554
7272
5903
4894
2142
5078
5796
7779
8006
8424
1759
5485
2612
7537
4086
6468
7063
2289
1540
6400
6734
2500
1359
7026
1827
4282
9019
7848
8670
6423
5125
675
2866
2546
2910
5935
863
2300
7884
3010
9718
5885
365
472
3573
1222
2991
394
4956
1022
6842
519
2250
6535
8218
5054
5912
8877
3067
7859
6059
7948
9108
1583
3298
1084
2618
66
4627
8151
5605
4763
4405
8529
6681
849
2134
887
3452
604
1290
8625
2891
7648
9580
4606
8424
6330
4327
7855
22
1985
9232
25
6950
1770
6776
8782
7173
2488
8603
2925
5766
6805
5416
2079
6114
3720
9853
7369
2919
5025
5424
2462
6568
7434
5056
1459
2002
8692
2660
6288
5738
6771
8128
3620
5530
4379
1578
4911
4072
3352
3713
964
2000
8364
2858
6086
2231
7501
8492
4703
6477
6958
4936
4997
6560
6769
3456
9516
6713
5316
6780
8481
9828
2315
7187
8994
8676
1796
6548
1734
2141
4942
3296
9567
1311
4460
462
8204
4575
8969
9228
4500
200
7956
9811
8780
1835
3131
7059
8760
923
2062
8198
8755
6572
5232
1135
9685
1177
3863
7410
435
952
6757
2561
1535
3661
5369
3686
2099
6307
5252
4940
7743
6088
2279
8281
1871
2504
8407
7159
5545
4737
7787
810
79
6744
4541
2994
6078
3325
776
7026
711
1559
8793
3548
3442
5394
8276
5118
6465
9444
4959
2453
5671
7121
454
2666
4293
6951
9263
7180
2770
6704
1865
5697
3164
5946
2482
4791
9120
2374
7607
8774
5530
8225
4228
6184
7295
8730
4839
6477
4228
3288
693
6100
9777
5334
5139
2957
6289
1874
8701
9127
4061
3596
4256
4007
9693
3095
383
7495
2912
3485
5998
4090
1837
6185
6922
7446
2892
4269
5371
5562
2112
2786
2952
9481
6010
5765
5920
7830
807
9524
8501
7246
3673
8480
4712
1934
3968
221
6490
4200
8347
7343
3564
743
7289
6602
4262
3592
8411
7692
64
2020
6502
3139
7015
1275
643
4774
7996
3928
7175
2552
6687
3387
4983
8752
417
3357
1472
4988
3477
2671
7778
1170
7215
4768
9221
2209
2191
9407
1502
2327
9419
3114
9459
6480
743
533
1464
3437
1290
9193
2225
2562
7025
5794
656
176
5759
8537
6185
905
2120
3422
4215
7393
4242
5332
5924
2247
2053
8434
2582
8588
2426
4847
3133
3572
3927
8503
8009
9883
1892
8034
3697
4284
446
5216
4145
1420
4111
9044
6450
3654
3222
596
207
5996
8899
2066
2238
5410
4609
9217
1384
2856
6610
3636
135
2177
2660
7083
6249
7255
528
6301
9012
4085
9725
9931
6947
9025
1186
4503
8135
3008
1983
8928
5365
1830
4640
7137
4673
1861
6264
2598
5273
2675
6650
840
7673
6809
5080
1968
8760
7028
2795
9194
3125
6921
1583
6121
6271
8968
5119
3212
4224
106
1081
8376
873
7682
8270
8305
7536
5523
2410
4387
991
7930
1027
6337
7435
8884
2257
137
3944
9218
5742
1107
212
2789
5802
8444
246
8519
866
5704
6742
3051
8374
5167
1593
8274
9967
9991
8538
6775
4431
3237
4618
8408
8203
5195
5893
5246
8685
7386
6710
4981
9268
5005
4363
9974
8163
8083
1879
9826
8058
9017
4656
6705
7645
7939
9556
5860
4743
9161
8916
2266
1598
7169
4787
2505
6489
1804
4586
606
2550
5000
9833
3479
8994
1761
3783
3368
803
1619
110
1883
8111
8712
8716
5414
8580
7912
762
263
5639
33
503
9524
8470
4444
3382
2099
218
1857
3485
6358
3497
1272
7275
3058
9183
1177
7710
5883
4156
6187
5056
3123
9050
7033
4155
2886
8452
9372
3925
8576
1041
4322
4967
2517
4496
309
5009
4550
8378
1684
3150
8945
8134
3751
8386
6838
1437
5658
6230
7402
202
4878
6107
9451
4976
7379
473
1437
288
496
3646
845
7932
4909
5317
9174
6305
4758
8561
8874
6168
3160
7505
2471
3037
6111
4989
5299
8646
7317
1448
2794
3142
6523
8374
6162
8215
5516
7541
7117
9836
3572
4261
7882
8037
2304
1013
3225
8434
9211
533
6679
7096
7356
1234
7041
7373
3635
6413
8864
2390
5174
2790
2971
9047
852
7703
1409
6535
9154
959
789
7217
1444
9038
2596
8898
9623
4434
733
5098
1764
6864
9435
6784
4769
5698
5785
5288
1332
8789
4580
9102
8676
4727
4661
781
1290
8834
7185
4600
9603
6690
9279
8251
9743
9462
5651
8317
8637
8142
7750
9201
5680
3766
625
8309
3354
6187
4277
5154
1918
6120
5202
365
6378
1686
8540
6717
4376
1814
7608
788
7248
6133
5494
5074
7584
1183
7040
5307
46
7468
6651
3190
1038
5379
3422
4909
4101
6352
7427
5102
4556
2031
2682
3483
1487
8914
1873
8057
921
8934
3941
6823
533
6961
1952
9546
8271
5551
724
2170
9147
8969
5107
4449
9469
2011
9326
999
8264
3631
2615
8023
4386
2506
6231
5217
3450
2011
3586
8670
9310
8983
4386
1112
3526
9827
2656
4077
3427
3875
6637
8550
5628
5256
5955
5587
6923
8232
4013
9475
9587
873
9792
7289
6318
5917
2436
8027
729
6734
6096
6260
1964
2054
2860
164
4583
3994
923
9641
9355
5249
7572
4389
6993
4065
2395
9129
6550
644
8294
5218
7997
4110
9082
8436
9190
7097
4794
7609
7390
4629
3347
6692
7779
376
6585
3573
2396
5791
1004
2928
7309
4372
120
4338
3301
5403
295
2252
3521
3306
1476
85
8439
877
8263
7853
2971
4423
973
7485
9200
3314
2251
4725
1902
879
6609
6616
7480
8821
6733
759
9640
5365
7909
3625
3990
4744
5135
3787
6801
2541
4087
4083
3153
3261
8253
6901
2113
8731
602
7973
4817
3518
3728
3995
2120
5395
2435
2421
8793
3678
4772
4699
6573
716
445
3074
2968
4638
3863
8227
9287
7186
684
6658
9226
8167
1572
8640
2626
9708
4503
8748
8219
8759
5942
6122
1636
3914
1504
8594
2308
2713
4993
3122
7769
9387
7509
2436
2816
5178
3933
7475
4868
2375
8686
7630
2833
7070
4768
3953
3823
3794
9795
9085
9175
6024
6480
7814
4774
4322
1437
9054
3133
5268
5918
6573
2193
7562
8889
9839
657
9135
5824
7447
5775
7027
3880
5844
73
8311
3288
4566
9145
7551
4771
8513
2918
5907
3946
1744
2907
9695
7662
8493
3741
4879
4342
9599
6456
2112
5437
5271
8180
4929
3295
4687
7970
2348
3310
2147
2144
635
7741
6463
1034
6870
9908
5581
497
7404
3655
6285
3615
7144
6932
962
1472
7330
3706
896
2685
4281
9387
7960
2873
8016
6385
4216
4256
83
543
570
2597
1798
9600
2271
1954
1199
7459
6870
4970
8760
9102
9052
8457
9152
1656
1036
7996
2332
3215
640
8641
2414
9461
7863
1248
9780
3589
3017
485
5691
1325
413
6861
3085
3687
1816
7543
4661
9007
273
9871
6836
5925
3925
5178
335
9503
3720
6360
5349
6219
1923
6868
9903
1928
183
2337
1737
1022
2174
7610
4441
6384
9279
7434
8688
2191
5371
5464
9840
3492
3335
3324
2942
769
1805
6489
5536
2684
912
276
9868
6657
5135
9471
9401
3544
6958
1156
3504
9479
5806
3638
6833
2663
5429
451
6645
6491
6490
8144
4132
8256
6519
1856
2884
8598
3926
9133
123
3694
6800
9053
110
1897
7741
7783
1249
9808
8032
5143
5232
4214
1960
360
7686
9697
6490
278
5339
1354
9843
9045
6193
2768
6144
1612
137
3279
6587
803
9618
7824
1033
9809
2678
6752
3527
4936
4921
7645
9202
6837
8458
1346
2911
9917
6295
6158
4170
3186
2107
3647
3794
8769
3850
7755
2859
7342
5753
6129
7646
7969
3220
7229
5525
7408
3181
2150
7682
933
6170
1554
5357
7694
2151
3005
586
4847
9856
6227
5316
3978
9108
3400
8695
5970
4029
2264
5959
4922
3893
6185
9183
8792
9999
1232
3616
1228
5820
5502
6736
4144
8476
3236
7016
552
8290
6100
6617
845
7168
8011
7485
9526
812
3667
8860
9819
8533
9554
3378
916
6191
2759
7040
9984
2371
6564
7694
919
9389
9357
9026
4353
9490
1171
5502
5872
6384
8142
7680
7929
5647
5114
7753
5881
8699
9656
7980
6332
2371
3796
2694
6266
2124
5819
7953
5716
6196
7031
8181
1725
8405
5697
1455
7810
8985
3132
35
9640
8165
2988
3435
391
1874
5448
5269
1077
5005
1158
1285
2714
8584
1362
8547
5592
6662
2760
2229
3671
3218
9785
9675
9353
9961
5954
9524
9949
3658
9942
6896
5567
9621
8340
8166
9383
361
2303
4392
6675
550
6876
710
5038
5746
5466
3141
7043
7149
5863
1147
6224
902
6364
6421
8379
3313
4081
430
5919
5924
5319
7419
5063
4262
5717
3093
243
3195
9164
5230
4359
8368
5554
3120
6342
9075
4637
3606
4494
2813
2480
2799
7795
8794
671
4664
3257
1918
9787
6069
6279
1873
8473
750
5231
9456
5647
776
28
2373
2897
3847
7985
632
6788
7856
5348
3243
79
9304
8676
474
5935
3105
3444
2519
9624
6268
3590
1053
9835
8325
3407
3095
8950
2485
9894
4804
7889
6885
3427
3860
3578
2121
9915
8633
4814
7162
2006
2814
9316
14
1839
483
7393
5804
5938
5367
7306
2711
9832
9379
7185
8974
2537
4572
439
4890
1681
4302
7962
544
5353
3194
5876
4815
6896
3814
3189
4810
7704
2461
4261
776
1737
9821
6486
2924
5701
3146
6547
4527
7498
5177
7052
4048
6675
4603
9583
5343
8193
9924
5481
7703
4852
8771
4660
8645
4607
2578
8908
2123
2178
2495
5006
7371
5117
6409
7237
2716
8086
7515
9188
8535
7754
3434
3046
176
6141
1828
8139
2292
4230
7846
6617
7780
6980
6558
5923
2965
5161
7840
8317
3122
4237
4423
2349
5002
171
9681
8930
266
7366
6867
7257
678
736
6945
9948
1417
5725
4484
2503
2778
4438
6615
7893
4332
5877
7226
390
8559
485
4271
7555
245
9197
6065
4297
3330
1085
8043
4
6460
2897
7873
4926
7363
588
5939
7043
34
6609
4506
7239
677
5337
5538
8684
7621
6530
8016
9125
2944
9290
370
9781
3094
9311
7011
1480
4670
2647
6617
331
7682
4479
6043
9881
6565
1689
529
3743
9938
182
355
1950
5978
7032
6877
4908
3659
7381
6676
6800
3068
8917
7060
7169
2526
8091
1831
8051
3576
4458
2373
7386
9991
4174
9556
6198
9293
5657
2118
5931
6001
4273
9186
2761
8934
8420
3802
6062
2434
2103
7820
7288
5971
9817
7263
8764
7418
8874
7354
8474
9858
2477
166
5479
7809
2969
1959
1804
7475
679
5614
8002
5263
744
799
8795
9731
4298
8234
4106
4289
5769
5617
1472
6637
5084
1415
173
6911
791
8779
419
8303
3643
6073
3523
4106
3706
4952
5965
6461
1997
8587
1754
6489
9818
2025
5227
9018
8467
9033
3119
639
3247
4185
4088
6860
8693
8842
2724
1554
1785
4893
6683
1899
5195
9699
1619
4670
7275
4688
6024
9346
2269
7645
2291
7182
3862
4983
6818
3058
6187
1155
8443
1758
5660
9779
5055
9458
1985
6662
5413
4864
2227
4411
4676
7104
1903
9855
1293
119
406
557
1742
3779
3008
3772
8370
5602
1893
6906
2997
3709
2023
9665
5366
629
6449
4924
6239
5415
4643
2160
2685
613
9274
1160
7119
7857
2969
5186
5278
4007
3689
6699
2652
5630
9412
4664
8750
1887
1409
9453
7565
5078
3665
1703
2841
2561
9045
4046
654
6978
3615
5878
5475
8245
7871
1129
4504
1847
6653
512
2633
6706
1627
8990
19
5323
7013
9736
1216
1785
6174
4352
4005
5190
4595
7606
6948
7571
8319
4557
8812
8922
4532
8299
392
7811
1223
4407
7758
8283
159
6902
5233
897
6819
858
3450
4674
1683
7517
5548
9308
2829
8869
804
9263
1873
285
3650
265
4181
6933
3528
2095
1699
3710
2174
3328
8598
2208
4100
2606
1977
2933
1625
9272
9118
3108
8370
3736
4156
2273
5887
801
9009
9503
6093
5662
7495
1128
5938
938
756
7493
4101
3226
3373
3137
9197
3109
8683
122
6076
9475
3417
2942
7331
9895
7243
1531
144
8764
1914
9913
6109
1908
1045
2726
3086
2196
7616
6511
5832
7469
6270
3162
1849
4484
8831
8399
5899
5980
3910
5260
5052
4033
6196
6412
7384
6067
2172
6198
8419
5964
983
7173
9023
843
1384
2193
2181
646
51
7001
5493
2172
4290
8607
3204
255
1093
2846
1063
8844
5632
4164
4853
6653
4860
2075
5711
4632
5342
7018
23
1418
8092
9868
6485
9096
4138
1005
3100
6638
6217
5252
5928
6909
9767
2880
9742
7589
3207
7129
4974
9326
5134
9574
331
6819
2319
2370
5983
9308
6481
7548
5304
3033
6977
4074
4079
4422
2121
4108
6116
87
9745
4425
2626
379
8235
7943
6885
1979
2333
8122
1425
8212
2043
697
6284
8517
9536
9665
6776
1767
5022
3792
156
8669
9948
2895
9932
5692
8800
5320
5467
9099
1012
4887
9580
708
6948
9952
8584
4376
5484
4003
6975
8358
6122
7091
989
6280
7790
5562
4886
2455
7331
4349
5065
5953
4268
3956
431
5339
8011
1192
3179
7012
2655
2326
7199
7156
1116
5575
1568
9583
1081
2400
6283
1019
6817
1797
2546
2856
1905
3652
7902
3238
433
3011
1767
6663
9821
3627
6439
2991
9521
3244
6364
4291
824
9962
5703
3796
9892
3832
5163
2215
3993
5302
1374
4930
8065
4046
9135
2470
1409
7574
3433
4359
3290
9941
6578
9643
558
535
7334
7489
9135
8576
62
7836
6036
1991
195
6855
6093
8749
2964
8072
8489
5687
9244
5131
1637
6837
8597
5775
4491
3968
1581
1946
9810
2005
1001
882
3383
6060
3238
9356
6498
7673
3079
5416
5240
3538
8894
6074
3851
2280
6377
2660
4610
5360
5869
7603
697
1447
8005
3720
1937
1559
2998
5166
6995
8116
8025
4030
990
9312
3471
33
5511
3607
1574
815
2607
3827
9890
8099
7942
2523
1924
2210
7591
8921
7335
4450
6135
3397
185
1935
8054
9517
7418
4939
4674
7912
8421
7123
5512
4864
5084
4538
8809
6343
7148
1003
3785
5053
4995
6869
1556
9906
5778
9414
9634
788
7574
8073
781
3575
7894
7592
9126
1535
1978
5993
6188
6635
6141
4694
5405
2767
2586
3078
7439
7385
3401
1248
1773
6331
664
1081
8401
3315
379
8147
3739
8004
5304
3885
338
348
6342
1937
6969
7491
5412
7273
4365
1154
4814
7150
8912
301
1464
8789
7320
2699
1974
2248
7387
6326
6300
4449
2911
6812
9190
5810
1156
3830
2254
8184
1331
2255
4356
5057
6424
648
6109
9948
1973
6127
6882
618
1517
3513
2169
8100
1851
1589
827
1039
6029
3056
6498
4011
4047
1893
9026
156
8300
9602
6116
534
8900
6629
5819
6657
5944
6407
2365
6671
6590
2026
275
1259
9443
5682
2931
9397
4643
1090
3958
9567
3003
1214
2155
8274
5756
344
1009
4531
1622
5952
1648
2371
11
6347
1717
4887
7694
5512
2155
5444
9224
4155
4449
4003
2781
5239
4567
8365
8961
9628
5513
7209
5643
6549
7531
7686
4474
7544
900
5599
5397
7833
5049
637
378
7903
1248
3095
3964
8043
1702
9130
8934
8514
342
8847
6765
8151
5493
517
5776
2643
5569
1993
439
4438
6728
3461
8816
4031
413
150
4612
6555
46
1390
9105
3811
3624
4877
3990
1472
4400
917
7926
6382
8275
7128
6206
8684
921
6322
2050
382
9822
2753
2264
3055
198
5940
1175
7786
4279
9933
7630
1551
4518
2378
8468
8952
9741
2953
4527
616
6527
4304
8242
4651
4067
4056
6163
9599
7255
131
3110
4090
8099
4229
6732
7292
9126
6050
3612
7684
3701
6204
7192
4467
3287
6374
1864
5896
8660
7253
8942
7967
1795
1434
3855
5518
4510
7612
8988
6142
9777
1576
530
4147
6822
3539
3452
288
5645
1175
9826
3691
9340
6842
6914
323
7112
3775
1364
7692
2192
266
939
1
1189
5142
2294
6664
374
1214
2781
1513
7061
7470
7907
2125
5673
3044
7644
9747
2922
1575
250
7484
7427
5250
8627
4953
4520
3532
8405
735
6248
1296
3949
9510
636
529
2958
1680
1244
6787
9914
4431
8393
8313
6630
1869
8934
4789
4649
4067
6130
1616
4769
617
16
3454
2574
5938
6515
7341
2144
6842
2808
2046
5265
5764
3520
8397
1488
5144
86
5964
8502
6135
1660
5818
9090
9114
8620
6757
6018
9730
8882
4338
4604
4631
6527
3332
9494
7182
7954
7019
5164
3903
4642
3072
1622
6347
3047
865
8348
537
3300
9505
3981
166
3114
8633
8956
4197
4363
3460
7317
9757
1323
2414
7960
8470
7441
633
9237
188
8902
4306
7189
3066
799
4599
1493
8588
4196
2742
6066
7754
8408
5480
6429
9376
357
4438
1517
7893
4376
5296
2818
4493
9702
5406
2579
2228
5112
3152
8906
2414
1628
8160
1634
8994
2316
914
9366
8514
7140
367
0
1620
7394
9563
1349
5842
5984
8583
8113
3003
9116
1344
5811
3606
1487
2696
3364
5393
2019
9265
3476
1044
3836
3651
6126
247
3845
7434
7060
9442
5071
3002
752
4008
5295
1197
7099
138
4057
6736
6243
6528
5038
5902
3297
284
2349
8028
7506
9619
7550
3973
6494
7875
6891
8956
7784
3742
3437
1101
1997
8549
1523
8670
7931
6113
591
1803
8310
290
5596
3225
1335
5283
3021
6948
6005
7933
354
5841
7898
5816
9928
7440
1892
1098
6508
2877
7117
6339
3413
3356
6701
2955
4739
7694
5005
6368
7971
7184
9692
545
9717
7216
4023
4324
2637
1211
4854
9942
2951
9850
3388
7595
3203
6180
8621
4082
6777
6833
9604
7714
4686
1971
6877
2240
6523
8380
544
5326
1943
9637
9962
3169
6148
7352
6099
2711
3417
7567
8460
5297
8023
7174
3387
3562
9968
9106
9752
8558
9073
922
9590
1137
7579
1978
5859
7746
339
1782
7801
4257
667
9527
7999
3313
9887
218
1446
5850
81
5909
665
9209
8372
4307
9690
7511
8583
3314
2271
7416
8627
1985
6253
1021
46
8825
5590
4170
1493
8353
2372
1634
9766
4203
4630
8495
9174
74
3675
9749
7660
3901
8477
3163
256
380
2765
3271
2287
8347
9162
7024
9510
384
5629
8681
3274
6978
3267
1062
4627
7276
4357
1728
3536
9031
9443
4168
9677
1195
8337
8509
9638
2521
9756
4726
3508
3089
764
9665
6060
2318
1882
3145
9190
5347
2123
9382
8574
5948
5221
2196
6806
2613
5122
384
9544
6748
9627
1225
937
8596
3594
1092
10
652
7386
6989
627
903
5173
185
6213
3601
5001
2309
5394
1211
2537
8188
6907
60
5594
3728
5973
6140
1703
7024
7399
9372
5181
6759
3462
9539
8728
7463
8724
789
3134
8538
7961
5134
8754
7670
775
5036
5982
3205
7611
2812
4989
8332
4211
1438
4318
877
3001
9865
5119
3869
8949
361
9589
1255
5722
8413
6723
6674
4873
7538
3584
4604
8076
3998
227
1772
1305
7923
2953
937
157
8498
9413
4586
4382
6848
2548
2023
5221
7850
4462
8859
5670
9264
9589
7600
5545
7499
1948
2361
8312
9308
8331
73
9228
385
256
212
1211
2545
9571
5077
6911
4181
3712
451
947
5002
6872
8873
5864
4699
1452
7022
3075
4725
8934
8811
4409
2626
6227
3806
5974
591
2624
849
166
9339
5358
3997
6592
2336
812
2675
8279
9384
1947
1488
5552
9138
6652
542
626
3075
6497
3613
7855
1308
6997
4502
1450
1444
5802
8584
6317
5764
9103
6320
1556
2862
284
1608
9644
2875
2281
3528
3886
8776
8743
3691
2778
7445
3258
5271
5973
5684
3179
2899
4094
9011
2993
8857
2341
855
2546
5147
6533
2228
6358
2514
281
5627
9932
2690
8853
5044
898
7751
793
2968
9727
9078
2565
3306
1724
4004
8185
531
2611
633
2585
6203
2225
2545
9869
1427
9266
8788
328
7133
6994
1658
2418
6228
3410
7151
7513
568
6418
928
4785
5427
2105
1126
9284
3915
6291
9035
9131
8542
6962
6002
9617
5724
9929
4077
3401
7386
2821
7426
5778
2110
7423
3660
5973
8068
6659
6337
9896
4572
6490
7616
4112
1682
5847
7157
4097
1099
3261
5953
5135
230
9656
1785
171
992
2041
6694
6299
9332
3749
127
7747
8992
5150
2675
8004
8445
5152
1215
7255
9954
9139
4558
2051
9345
1889
7934
9877
2771
9980
2302
4125
6867
2290
5548
2453
5637
3488
4981
6027
9965
38
564
823
6363
9868
5120
6532
3171
9152
5652
5946
2046
8698
5181
1091
5097
9734
825
9102
4106
6816
3527
9352
1447
6001
880
6701
9601
221
2366
4956
171
5187
7289
9916
8575
3735
5687
9476
6769
1402
6705
3618
4327
6355
2079
8168
7109
4456
7355
5903
2663
5878
1921
3148
6510
1211
9375
362
8988
8418
6930
2949
6786
695
5774
6858
1408
5265
2515
1362
4046
1348
2332
2704
111
9908
5024
5091
3922
2712
9592
5145
2866
6463
2292
4292
3266
4140
3405
7363
4360
5325
488
8350
4471
3755
6832
3632
581
5220
6759
1844
1940
5993
1856
1315
3546
9216
3037
6602
6187
4284
6439
6276
8826
1785
83
322
8402
1482
3592
7268
1860
5152
7001
8721
859
3981
8232
6355
3075
1392
4510
8702
5952
7748
3204
6872
4606
977
746
4049
1103
6802
1176
76
8886
4212
9524
2686
3672
6509
5229
9098
1628
9491
9984
6788
8991
3135
455
9564
983
6682
3526
4794
9773
7737
323
1078
8581
3211
5715
7425
735
9542
6164
5057
3976
6925
9834
6647
4457
5546
2682
6565
6163
5411
7074
6461
7764
6415
7880
1471
522
1181
3066
4420
3275
6381
302
1148
3888
8446
4105
460
793
7804
8362
2085
3326
4926
2812
2066
3300
3807
5107
5437
3999
6961
8631
4362
663
3862
3314
2165
5331
4244
6902
9553
6476
1744
1782
7594
6623
8685
2759
6010
1440
2222
5771
8358
7048
4988
3134
2837
3603
5814
8170
6714
6074
7628
420
6314
7749
5940
485
25
5132
1939
5129
6549
901
8809
5609
1582
3144
5217
5442
4614
1048
9096
3996
1777
1189
272
7313
5674
727
476
8562
9516
6074
188
3479
8847
1323
5467
9845
683
8200
2733
878
9501
7092
9222
7457
8239
9378
1552
9693
8386
371
3555
5665
6977
3632
8643
5124
7476
8626
4810
9298
4656
3377
5613
474
713
5329
6761
258
7676
5371
4759
6414
8315
8218
4495
4685
1966
2815
9073
6295
9175
782
176
9145
2518
4522
6501
5215
2680
342
2368
2056
3389
3435
6222
6123
1479
8748
6744
2910
2616
1293
2017
3014
5612
7141
7350
8759
9136
3957
3158
4660
9553
8514
122
3873
3201
6467
7955
6190
8827
1546
7578
7333
3002
2703
3024
4880
1996
8371
3206
3218
6071
6163
3678
7881
8764
7161
3532
5377
7172
7742
6078
8722
7184
7708
2503
4874
3312
2348
2922
5011
792
553
4082
1070
3715
4684
11
2909
4116
2469
6762
765
751
9940
8589
3389
4835
2240
5108
6039
2935
2577
9017
1084
5468
8855
148
5294
200
8150
1568
9647
5449
8194
2425
5518
2081
2608
4166
4080
7150
623
1261
4703
980
5313
7971
7244
9119
9113
38
1071
7240
6882
2076
8215
1535
2997
5601
4859
4535
4716
2708
5966
901
7115
5315
2556
7514
3070
1308
2227
8074
1028
8888
2311
1315
4314
104
155
884
2904
6175
1086
8111
496
2407
8567
6118
4210
3982
9083
7006
9306
9544
2434
7914
5295
3802
3864
9997
5414
9729
6048
7805
7811
2996
6211
7993
9765
6899
7221
2893
5446
3975
1631
8540
1622
7854
404
4707
6748
6437
3303
9088
2225
5220
8768
1483
6454
4396
6020
512
6239
157
5469
3174
127
3281
299
7500
6195
573
6353
7311
6761
6189
1560
5331
7912
3893
6292
7440
3397
9156
3249
8977
6426
6959
5580
2591
4228
4728
1539
5368
879
6708
6653
5288
8505
8457
8413
8341
7555
2904
8512
6175
83
5992
2327
6035
3659
3436
3571
2560
8103
8579
7114
7082
6908
6492
6748
3167
7700
7707
3271
1467
9033
985
6432
52
9535
6271
6825
9454
5480
7951
9885
493
644
7074
8893
433
4632
9544
8931
791
1156
8978
7264
2299
9594
9571
8380
2013
1709
5245
640
9847
9632
7045
7141
9098
9559
2275
6499
7387
6611
4116
7080
152
8693
6620
6438
9834
7599
6314
8535
8156
8775
2479
310
55
3720
4132
457
9964
7891
4811
7745
235
7310
38
861
3599
9932
9794
873
2356
3045
1544
4180
7040
1898
7112
3606
2973
3133
8546
4414
5395
6709
2484
1071
7152
6734
7086
5378
5427
1817
6535
9496
1799
6371
6845
2842
8655
5759
2839
9901
7805
5440
6179
5110
7231
8299
3270
8156
6608
526
7484
6830
9345
397
2349
3526
4826
8966
3708
6864
2845
4415
5446
538
6509
2047
2380
668
5053
4269
4951
7213
294
8644
6609
9954
530
7373
3839
8853
3464
8929
8770
4901
4333
9704
151
1402
4021
3318
8015
9688
2051
5974
7055
3389
9993
5640
8600
5184
5919
2601
3103
2338
5575
270
6536
700
3788
2394
2995
7453
5126
4855
3399
3916
5644
545
6205
6805
1896
978
6647
1734
6254
5262
5162
4319
1588
3219
9961
4889
8772
8655
2934
862
5826
6432
9325
4063
3167
9450
7613
1626
323
562
4561
7196
2575
3139
7744
9448
9435
1795
3287
4940
5954
1369
6083
312
5108
2217
9112
568
2433
8105
8680
6471
1921
2537
8089
9212
1219
2142
3638
2446
3364
5020
1411
5692
700
7966
1744
8448
5475
512
5454
6977
5368
7993
4908
4456
348
9012
8955
950
337
7045
9193
2217
1881
8090
5275
38
5050
8532
8228
7293
8157
841
1576
934
9958
391
9612
7141
472
664
5093
1920
2651
1703
1103
3927
7628
3632
8863
2206
3186
2687
2108
6319
5826
9193
3810
2610
2691
1706
3398
6942
2284
8161
8819
4526
6417
3974
4498
9957
9400
1813
477
9673
1951
7272
9565
177
6987
1347
2409
1417
9668
6021
4106
5469
8732
5257
5107
764
6580
7002
4450
8766
7266
8150
9636
4489
2883
6576
7510
3654
9134
8906
2806
1373
2210
2435
4367
8554
9627
3632
5622
1343
9297
1981
7273
6262
4055
3350
5793
1160
8866
3734
3376
2398
7362
1710
2407
3800
7635
5076
7294
410
3836
8754
2283
762
3215
2732
3258
6297
889
6552
1136
2948
1379
3106
9469
5285
876
3373
434
9533
783
6350
4787
5399
5529
407
4011
499
28
566
918
4551
6338
5211
7507
542
9697
6511
3047
1323
91
9496
270
2314
2597
427
1018
4255
2241
7121
2924
4262
4642
7761
9627
7486
3966
6883
5232
2807
8720
2759
6269
322
5634
6585
6610
6167
5599
8927
5587
4365
326
9110
9441
1287
6080
2473
2801
5101
9388
9755
8258
2906
7642
6656
9908
8577
5584
21
6575
2814
1278
239
2602
7332
3227
9947
6679
6012
3817
4851
8656
3314
1534
8558
3935
5531
8319
8340
1406
1493
4081
130
3419
8965
4500
3362
2680
8977
6676
8033
583
5578
2351
2772
3086
87
6508
2108
8060
6132
5793
6789
1284
4537
1099
4944
1371
9083
2721
4377
257
7243
8615
5082
8733
1148
6820
3637
2832
9864
7267
7702
9336
5784
4267
3077
962
8762
5472
3848
9023
6211
280
5273
5699
7292
8846
8881
7865
9556
1990
3596
6256
2298
7775
3339
6963
7269
4039
1938
3266
2871
9276
8195
8865
8091
7452
5499
270
8021
3982
2609
3611
8872
5354
4045
6963
3341
9383
1440
2301
7939
5771
3275
7873
3670
1445
7037
8009
927
6114
3692
4723
3533
581
6151
6934
2084
6408
7607
9840
3347
8610
9843
5573
9381
9984
7383
6944
3729
6376
3621
7886
2598
9636
5327
7099
6000
322
5194
6645
414
7490
9342
1906
289
7886
78
8291
9202
7111
4878
6933
1775
1600
8954
9328
5927
7701
8491
3685
4062
93
4279
4550
2493
5806
2124
3896
5253
9051
933
1762
1213
961
9425
5857
9267
7937
5284
1495
9906
9091
7742
6618
1498
6688
6110
997
682
5999
1172
8298
1830
1509
2583
321
3211
4792
9413
4482
5761
6181
3038
150
6177
3115
5720
814
2175
3096
60
7990
2417
6996
3778
4970
2351
7660
3051
5805
9696
1127
3213
9253
7879
2634
9932
9703
8377
9104
2646
4475
8523
802
5733
3725
6053
7591
440
8383
967
5295
8822
7586
5939
3181
5881
4833
7730
7613
7969
5550
1740
3608
4785
4634
2967
3784
2270
3542
3182
6016
2436
3070
450
5584
9466
1614
1262
53
8917
4759
7219
4668
4837
4400
2305
5627
3314
4698
6753
5099
1973
764
1134
7095
2735
4915
6016
1099
757
2268
5320
6898
5200
4951
2859
5751
7135
354
3714
4266
3570
7676
8696
3210
8331
7072
8770
384
2329
7340
470
7572
6789
8083
4043
1671
1936
3354
2849
4551
5597
163
9296
6648
9438
321
9467
9885
1541
6553
8491
2960
983
2486
1528
4296
2068
7924
8764
5662
6144
5631
8770
3416
1798
7747
109
7117
908
1187
3815
3781
7504
9162
8669
3407
8380
2047
3771
8009
7604
8885
8843
5775
8848
7510
6589
4302
6554
9747
9603
4011
4589
7186
8407
9965
1393
5879
4849
1690
212
2350
8977
353
2738
4710
5455
1820
3817
8121
5915
20
4152
754
8058
7259
6788
2994
4567
4288
1158
5806
562
1160
1584
9803
9191
317
755
8703
2014
2500
7198
2080
7797
5254
9907
8490
3037
4138
2054
4768
485
8433
3831
9582
9858
3835
9128
1147
3177
8398
1311
561
532
4405
1787
7816
8768
2935
5519
5137
1064
5114
6107
3415
2822
2072
2957
2804
7351
8298
9957
429
2233
6390
5320
2129
7329
2002
9944
5356
1189
9608
5525
3615
1188
6637
1548
3391
3467
2090
9721
102
8619
6917
3703
5371
2326
415
6759
7786
878
6324
3796
4879
8441
882
8327
4142
9084
9657
487
6766
2990
163
3947
1456
9588
2491
2226
6185
524
9565
9336
5260
8577
9855
1810
5316
2686
9949
9803
6913
5242
2158
4478
4865
5811
646
5174
305
8309
7406
4307
3809
1603
2954
7111
8456
2969
2247
5782
9834
8189
573
7261
1312
6987
8535
6301
8586
9072
3010
1455
9135
9854
3573
1523
832
5685
9082
5644
8941
7317
1921
7875
3118
5258
5527
3657
5622
2743
3354
2346
439
4166
9968
8724
4669
4896
3165
7877
7276
4345
6587
1233
5298
5950
5171
3955
8030
1431
6278
2771
3887
6602
6841
2517
6267
2697
4143
6054
1460
4878
679
5842
5718
664
1016
4968
9885
4849
6854
5936
2519
1204
8368
4596
729
687
2577
7168
86
1572
5626
4191
6464
582
8459
3836
7325
7451
2456
1971
752
7110
6417
2398
3665
745
5515
4634
4933
203
4069
3181
4576
342
251
2682
8234
2244
1787
5580
120
6975
5968
9888
9251
6487
9377
5135
2205
7180
7643
2434
2392
4882
5183
5409
4787
5969
930
9984
5172
7942
2234
9883
7503
2445
9614
6121
331
5776
5602
5080
5664
6876
1851
3777
1141
6529
3147
7178
1367
379
2428
7753
2559
1634
788
9694
5159
4841
7895
2264
1314
1802
408
2177
4741
6085
2385
6805
6872
3256
4803
6429
1577
2562
6770
5516
3031
1405
4268
8258
2822
3751
8617
4792
5514
4480
7323
5868
1656
9920
961
5490
7880
3337
3766
3861
6468
9673
9036
5056
4144
6341
306
8110
5575
5999
6175
9996
4864
5272
6663
3754
573
9637
9442
7562
3184
5615
6663
260
8761
6516
5148
6952
2294
